Позиция 1:

0,000000E+00 0,000000E+00 0,000000E+00 0,000000E+00 0,000000E+00 8,946872E+06
0,000000E+00 0,000000E+00 0,000000E+00 0,000000E+00 0,000000E+00 8,946872E+06
0,000000E+00 0,000000E+00 0,000000E+00 0,000000E+00 0,000000E+00 8,946872E+06
0,000000E+00 0,000000E+00 0,000000E+00 0,000000E+00 0,000000E+00 8,946872E+06
0,000000E+00 0,000000E+00 0,000000E+00 0,000000E+00 0,000000E+00 8,946872E+06
0,000000E+00 0,000000E+00 0,000000E+00 0,000000E+00 0,000000E+00 8,946872E+06
0,000000E+00 0,000000E+00 0,000000E+00 0,000000E+00 0,000000E+00 8,946872E+06
0,000000E+00 0,000000E+00 0,000000E+00 0,000000E+00 0,000000E+00 8,946872E+06
0,000000E+00 0,000000E+00 0,000000E+00 0,000000E+00 0,000000E+00 8,946872E+06
0,000000E+00 0,000000E+00 0,000000E+00 0,000000E+00 0,000000E+00 8,946872E+06
0,000000E+00 0,000000E+00 0,000000E+00 0,000000E+00 0,000000E+00 8,946872E+06
0,000000E+00 0,000000E+00 0,000000E+00 0,000000E+00 0,000000E+00 8,946872E+06
0,000000E+00 0,000000E+00 0,000000E+00 0,000000E+00 0,000000E+00 8,946872E+06
0,000000E+00 0,000000E+00 0,000000E+00 0,000000E+00 0,000000E+00 8,946872E+06
0,000000E+00 0,000000E+00 0,000000E+00 0,000000E+00 0,000000E+00 8,946872E+06
0,000000E+00 0,000000E+00 0,000000E+00 0,000000E+00 0,000000E+00 8,946872E+06
0,000000E+00 0,000000E+00 0,000000E+00 0,000000E+00 0,000000E+00 8,946872E+06
0,000000E+00 0,000000E+00 0,000000E+00 0,000000E+00 0,000000E+00 8,946872E+06
0,000000E+00 0,000000E+00 0,000000E+00 0,000000E+00 0,000000E+00 8,946872E+06
2,315000E+03 2,904000E+03 1,783000E+03 8,892621E+06 4,724900E+04 0,000000E+00
4,310000E+03 1,718100E+04 8,924803E+06 5,780000E+02 0,000000E+00 0,000000E+00
7,385700E+04 1,867600E+04 8,852623E+06 1,716000E+03 0,000000E+00 0,000000E+00
8,851383E+06 4,424200E+04 3,706700E+04 1,418000E+04 0,000000E+00 0,000000E+00
3,802000E+04 8,703350E+06 1,093900E+04 1,945630E+05 0,000000E+00 0,000000E+00
5,371600E+04 1,482250E+05 5,477100E+04 8,690159E+06 1,000000E+00 0,000000E+00
3,918770E+05 4,236820E+05 1,964590E+05 7,934854E+06 0,000000E+00 0,000000E+00
3,505060E+05 2,982190E+05 4,476530E+05 7,850426E+06 6,800000E+01 0,000000E+00
4,128670E+05 7,224332E+06 3,517720E+05 9,579010E+05 0,000000E+00 0,000000E+00
7,618460E+05 4,143060E+05 5,274970E+05 7,243223E+06 0,000000E+00 0,000000E+00
6,952050E+06 4,370510E+05 9,358850E+05 6,218610E+05 2,500000E+01 0,000000E+00
5,678580E+05 4,463160E+05 7,176702E+06 7,559820E+05 1,400000E+01 0,000000E+00
5,504050E+05 5,795460E+05 5,821060E+05 7,234815E+06 0,000000E+00 0,000000E+00
1,097103E+06 3,206907E+06 1,329687E+06 3,313148E+06 2,700000E+01 0,000000E+00
1,895248E+06 1,833098E+06 2,513689E+06 2,704665E+06 1,720000E+02 0,000000E+00
2,170152E+06 2,425627E+06 1,560816E+06 2,790261E+06 1,600000E+01 0,000000E+00
2,138504E+06 1,994572E+06 2,482524E+06 2,331229E+06 4,300000E+01 0,000000E+00
2,217188E+06 1,953783E+06 2,476379E+06 2,298412E+06 1,110000E+03 0,000000E+00
1,874879E+06 2,182255E+06 2,719591E+06 2,170147E+06 0,000000E+00 0,000000E+00
1,994780E+06 1,845905E+06 2,713740E+06 2,392447E+06 0,000000E+00 0,000000E+00
1,962353E+06 2,156243E+06 2,660756E+06 2,167453E+06 6,700000E+01 0,000000E+00

Позиция 12:

0,00000E+00 0,00000E+00 0,00000E+00 0,00000E+00 0,00000E+00 3,08451E+05
0,00000E+00 0,00000E+00 0,00000E+00 0,00000E+00 0,00000E+00 3,08451E+05
0,00000E+00 0,00000E+00 0,00000E+00 0,00000E+00 0,00000E+00 3,08451E+05
0,00000E+00 0,00000E+00 0,00000E+00 0,00000E+00 0,00000E+00 3,08451E+05
0,00000E+00 0,00000E+00 0,00000E+00 0,00000E+00 0,00000E+00 3,08451E+05
0,00000E+00 0,00000E+00 0,00000E+00 0,00000E+00 0,00000E+00 3,08451E+05
0,00000E+00 0,00000E+00 0,00000E+00 0,00000E+00 0,00000E+00 3,08451E+05
0,00000E+00 0,00000E+00 0,00000E+00 0,00000E+00 0,00000E+00 3,08451E+05
3,31700E+03 3,31100E+03 2,96374E+05 4,11400E+03 1,33500E+03 0,00000E+00
2,99000E+03 2,42400E+03 5,44800E+03 2,96870E+05 7,19000E+02 0,00000E+00
3,24600E+03 2,96102E+05 3,76400E+03 5,33900E+03 0,00000E+00 0,00000E+00
2,83000E+03 3,97500E+03 2,97427E+05 4,21900E+03 0,00000E+00 0,00000E+00
2,96380E+05 3,33800E+03 5,01500E+03 3,71000E+03 8,00000E+00 0,00000E+00
2,94200E+03 3,94000E+03 2,97369E+05 4,20000E+03 0,00000E+00 0,00000E+00
3,33300E+03 6,17200E+03 2,96431E+05 2,51500E+03 0,00000E+00 0,00000E+00
1,64100E+03 3,05600E+03 3,02473E+05 1,28000E+03 1,00000E+00 0,00000E+00
3,02929E+05 7,57000E+02 3,67900E+03 1,08600E+03 0,00000E+00 0,00000E+00
1,43100E+03 3,03391E+05 1,06800E+03 2,56100E+03 0,00000E+00 0,00000E+00
4,48000E+02 1,50300E+03 4,62000E+02 3,06038E+05 0,00000E+00 0,00000E+00
2,42000E+02 3,86000E+02 1,44000E+02 3,07677E+05 2,00000E+00 0,00000E+00
3,04100E+03 1,41200E+03 3,03770E+05 2,28000E+02 0,00000E+00 0,00000E+00
3,34860E+04 3,29400E+03 2,70775E+05 8,88000E+02 8,00000E+00 0,00000E+00
2,66804E+05 5,43000E+03 3,06510E+04 5,55800E+03 8,00000E+00 0,00000E+00
3,23920E+04 2,39749E+05 4,89800E+03 3,14120E+04 0,00000E+00 0,00000E+00
8,91300E+03 4,14540E+04 9,98400E+03 2,48100E+05 0,00000E+00 0,00000E+00
3,31810E+04 3,57460E+04 2,26230E+04 2,16865E+05 3,60000E+01 0,00000E+00
2,63050E+04 2,35280E+04 6,72290E+04 1,91389E+05 0,00000E+00 0,00000E+00
3,11110E+04 1,65784E+05 5,76970E+04 5,38590E+04 0,00000E+00 0,00000E+00
6,98850E+04 2,76360E+04 3,59370E+04 1,74989E+05 4,00000E+00 0,00000E+00
1,87243E+05 2,95710E+04 5,31320E+04 3,85050E+04 0,00000E+00 0,00000E+00
3,61650E+04 2,83750E+04 2,03010E+05 4,08990E+04 2,00000E+00 0,00000E+00
5,64870E+04 3,27080E+04 3,85160E+04 1,80738E+05 2,00000E+00 0,00000E+00
3,85240E+04 7,53390E+04 1,00123E+05 9,44620E+04 3,00000E+00 0,00000E+00
5,29390E+04 6,33210E+04 6,68800E+04 1,25220E+05 9,10000E+01 0,00000E+00
8,46720E+04 8,76600E+04 5,28570E+04 8,32620E+04 0,00000E+00 0,00000E+00
6,58380E+04 5,37550E+04 9,76250E+04 9,12330E+04 0,00000E+00 0,00000E+00
1,06689E+05 5,24230E+04 8,06270E+04 6,86750E+04 3,70000E+01 0,00000E+00
5,52750E+04 5,74140E+04 1,00349E+05 9,54120E+04 1,00000E+00 0,00000E+00
6,19290E+04 5,48160E+04 1,18456E+05 7,32500E+04 0,00000E+00 0,00000E+00
7,52500E+04 9,36680E+04 7,21820E+04 6,73480E+04 3,00000E+00 0,00000E+00

Позиция 60:

6,16030E+04 4,97120E+04 5,70980E+04 6,12240E+04 0,00000E+00 0,00000E+00
5,15870E+04 5,49140E+04 6,57770E+04 5,73570E+04 2,00000E+00 0,00000E+00
5,74490E+04 4,98320E+04 5,92260E+04 6,31300E+04 0,00000E+00 0,00000E+00
5,12930E+04 4,93740E+04 5,95270E+04 6,94430E+04 0,00000E+00 0,00000E+00
5,15890E+04 6,00720E+04 5,97810E+04 5,81950E+04 0,00000E+00 0,00000E+00
5,39670E+04 5,57770E+04 7,50560E+04 4,48370E+04 0,00000E+00 0,00000E+00
5,60480E+04 5,11970E+04 5,92710E+04 6,31210E+04 0,00000E+00 0,00000E+00
8,04150E+04 3,09070E+04 8,87740E+04 2,95410E+04 0,00000E+00 0,00000E+00
2,14060E+04 1,77420E+04 1,68266E+05 2,22230E+04 0,00000E+00 0,00000E+00
1,63540E+04 2,19270E+04 2,46760E+04 1,66680E+05 0,00000E+00 0,00000E+00
1,69930E+04 1,57685E+05 2,28530E+04 3,21050E+04 1,00000E+00 0,00000E+00
1,76090E+04 2,45330E+04 1,67736E+05 1,97590E+04 0,00000E+00 0,00000E+00
1,64578E+05 1,61150E+04 3,39460E+04 1,49980E+04 0,00000E+00 0,00000E+00
1,45330E+04 1,46310E+04 1,81925E+05 1,85390E+04 9,00000E+00 0,00000E+00
1,71910E+04 1,85120E+04 1,84105E+05 9,82900E+03 0,00000E+00 0,00000E+00
9,10700E+03 4,94800E+03 2,11327E+05 4,25400E+03 1,00000E+00 0,00000E+00
2,11473E+05 1,64700E+03 1,36680E+04 2,84900E+03 0,00000E+00 0,00000E+00
5,27700E+03 2,19677E+05 2,84200E+03 1,84100E+03 0,00000E+00 0,00000E+00
1,74800E+03 6,42600E+03 1,19100E+03 2,20271E+05 1,00000E+00 0,00000E+00
8,05000E+02 6,39000E+02 2,75000E+02 2,27910E+05 8,00000E+00 0,00000E+00
1,06420E+04 4,98000E+02 2,18328E+05 1,64000E+02 5,00000E+00 0,00000E+00
1,07162E+05 1,48700E+03 1,20080E+05 9,05000E+02 3,00000E+00 0,00000E+00
1,17865E+05 3,04500E+03 1,06181E+05 2,54400E+03 2,00000E+00 0,00000E+00
1,07581E+05 1,07915E+05 3,46100E+03 1,06800E+04 0,00000E+00 0,00000E+00
4,87900E+03 1,09748E+05 5,22900E+03 1,09768E+05 1,30000E+01 0,00000E+00
1,27120E+04 1,18720E+04 1,69600E+04 1,88089E+05 4,00000E+00 0,00000E+00
1,02490E+04 1,03540E+04 1,26672E+05 8,23540E+04 8,00000E+00 0,00000E+00
2,07610E+04 7,33010E+04 1,16311E+05 1,92490E+04 1,50000E+01 0,00000E+00
1,30076E+05 9,67600E+03 1,45430E+04 7,53420E+04 0,00000E+00 0,00000E+00
1,75754E+05 1,05840E+04 2,99400E+04 1,33520E+04 7,00000E+00 0,00000E+00
2,40930E+04 9,87300E+03 1,80020E+05 1,56470E+04 4,00000E+00 0,00000E+00
1,17280E+05 1,18190E+04 2,43460E+04 7,61800E+04 1,20000E+01 0,00000E+00
2,10270E+04 3,22930E+04 1,29958E+05 4,63580E+04 1,00000E+00 0,00000E+00
3,56610E+04 2,39780E+04 3,22290E+04 1,37769E+05 0,00000E+00 0,00000E+00
1,33645E+05 3,09010E+04 2,26570E+04 4,24300E+04 4,00000E+00 0,00000E+00
3,82840E+04 2,49790E+04 3,39190E+04 1,32446E+05 9,00000E+00 0,00000E+00
1,34540E+05 2,18950E+04 3,21300E+04 4,10720E+04 0,00000E+00 0,00000E+00
2,45260E+04 2,45090E+04 4,84160E+04 1,32182E+05 4,00000E+00 0,00000E+00
2,79030E+04 3,15860E+04 1,40111E+05 3,00310E+04 6,00000E+00 0,00000E+00
3,21670E+04 1,29422E+05 3,03130E+04 3,77340E+04 1,00000E+00 0,00000E+00
