8110390
89468720
344730
699010
273130
351750
440380
403720
380170
175780
322220
816090
3084510
339570
376620
365320
403160
422960
622530
746100
714700
838260
1023100
1026730
1178020
1165390
1279840
1518760
1689530
1824460
1897240
1931880
1968120
2018000
1950550
1961600
1992110
2020540
2153810
2127990
2189590
2122560
2167120
2087470
2203760
2142790
2231950
2219850
2238940
2237860
2270390
2303960
2250590
2260400
2301360
2257890
2284260
2282250
2263590
2271620
2296370
2294440
2319350
2397340
2384890
2267500
2289910
2234340
2292020
2240880
2266230
2206900
2200070
2177820
2152540
2109090
2085350
2049190
2048760
1984190
1945810
1922420
1894470
1864880
1838960
1826010
1794340
1747140
1726960
1690120
1658770
1643730
1603790
1588520
1551940
1522560
1488780
1440920
1400910
1371350
1370980
1329680
1308480
1279270
1228960
1198510
1158270
1122880
1096980
1066190
1033330
1019340
982410
951280
931280
894350
862260
848990
824380
806210
766860
753260
727600
711810
698100
662470
645310
623340
599310
583890
563990
549460
526090
506920
494220
486900
465660
446340
432780
