Позиция 1:

0,000000E+00 0,000000E+00 0,000000E+00 0,000000E+00 0,000000E+00 8,946872E+06
0,000000E+00 0,000000E+00 0,000000E+00 0,000000E+00 0,000000E+00 8,946872E+06
0,000000E+00 0,000000E+00 0,000000E+00 0,000000E+00 0,000000E+00 8,946872E+06
0,000000E+00 0,000000E+00 0,000000E+00 0,000000E+00 0,000000E+00 8,946872E+06
2,315000E+03 2,904000E+03 1,783000E+03 8,892621E+06 4,724900E+04 0,000000E+00
7,385700E+04 1,867600E+04 8,852623E+06 1,716000E+03 0,000000E+00 0,000000E+00
8,851383E+06 4,424200E+04 3,706700E+04 1,418000E+04 0,000000E+00 0,000000E+00
3,802000E+04 8,703350E+06 1,093900E+04 1,945630E+05 0,000000E+00 0,000000E+00
5,371600E+04 1,482250E+05 5,477100E+04 8,690159E+06 1,000000E+00 0,000000E+00
3,918770E+05 4,236820E+05 1,964590E+05 7,934854E+06 0,000000E+00 0,000000E+00

Позиция 12:

1,64100E+03 3,05600E+03 3,02473E+05 1,28000E+03 1,00000E+00 0,00000E+00
3,02929E+05 7,57000E+02 3,67900E+03 1,08600E+03 0,00000E+00 0,00000E+00
1,43100E+03 3,03391E+05 1,06800E+03 2,56100E+03 0,00000E+00 0,00000E+00
4,48000E+02 1,50300E+03 4,62000E+02 3,06038E+05 0,00000E+00 0,00000E+00
2,42000E+02 3,86000E+02 1,44000E+02 3,07677E+05 2,00000E+00 0,00000E+00
3,34860E+04 3,29400E+03 2,70775E+05 8,88000E+02 8,00000E+00 0,00000E+00
2,66804E+05 5,43000E+03 3,06510E+04 5,55800E+03 8,00000E+00 0,00000E+00
3,23920E+04 2,39749E+05 4,89800E+03 3,14120E+04 0,00000E+00 0,00000E+00
8,91300E+03 4,14540E+04 9,98400E+03 2,48100E+05 0,00000E+00 0,00000E+00
3,31810E+04 3,57460E+04 2,26230E+04 2,16865E+05 3,60000E+01 0,00000E+00

Позиция 60:

9,10700E+03 4,94800E+03 2,11327E+05 4,25400E+03 1,00000E+00 0,00000E+00
2,11473E+05 1,64700E+03 1,36680E+04 2,84900E+03 0,00000E+00 0,00000E+00
5,27700E+03 2,19677E+05 2,84200E+03 1,84100E+03 0,00000E+00 0,00000E+00
1,74800E+03 6,42600E+03 1,19100E+03 2,20271E+05 1,00000E+00 0,00000E+00
8,05000E+02 6,39000E+02 2,75000E+02 2,27910E+05 8,00000E+00 0,00000E+00
1,07162E+05 1,48700E+03 1,20080E+05 9,05000E+02 3,00000E+00 0,00000E+00
1,17865E+05 3,04500E+03 1,06181E+05 2,54400E+03 2,00000E+00 0,00000E+00
1,07581E+05 1,07915E+05 3,46100E+03 1,06800E+04 0,00000E+00 0,00000E+00
4,87900E+03 1,09748E+05 5,22900E+03 1,09768E+05 1,30000E+01 0,00000E+00
1,27120E+04 1,18720E+04 1,69600E+04 1,88089E+05 4,00000E+00 0,00000E+00
